6 0 -1 0 0 0 0 -1 -1 1 0 1 1 0 1 -1 0 -1 11
6 0 -1 0 0 0 0 -1 -1 1 1 1 1 0 1 -1 0 -1 11
6 0 -1 0 0 0 0 -1 -1 1 -1 -1 1 0 0 1 0 0 20
6 0 -1 0 0 0 0 -1 -1 1 1 -1 1 0 0 1 0 0 20
6 0 -1 0 0 0 0 -1 0 1 0 1 1 0 1 -1 0 -1 10
6 0 -1 0 0 0 0 -1 0 1 -1 -1 1 0 1 -1 0 -1 28
6 0 -1 0 0 0 1 0 -1 1 0 1 1 1 1 -1 1 0 16
6 0 -1 0 0 0 1 0 -1 1 0 1 -1 -1 1 1 1 0 28
6 0 -1 0 0 0 1 0 -1 1 0 1 0 -1 1 -1 1 0 11
6 0 -1 0 0 0 1 0 -1 1 0 1 1 -1 1 1 1 0 29
6 0 -1 0 0 0 1 0 -1 1 1 1 -1 -1 0 1 0 0 28
6 0 -1 0 0 0 1 0 -1 1 1 1 0 -1 0 1 0 0 24
6 1 -1 0 0 0 0 -1 -2 -2 -1 1 1 0 1 -1 0 -1 255
6 1 -1 0 0 0 0 -1 -2 -2 0 1 1 0 1 -1 0 -1 255
6 1 -1 0 0 0 0 -1 -2 -2 1 1 1 0 1 -1 0 -1 11
6 1 -1 0 0 0 0 -1 -2 -2 -1 -1 1 0 -1 1 -1 0 255
6 1 -1 0 0 0 0 -1 -2 -2 1 -1 1 0 -1 1 -1 0 16
6 1 -1 0 0 0 1 0 -2 -2 -1 1 0 1 1 1 1 0 255
6 1 -1 0 0 0 1 0 -2 -2 -1 1 1 1 0 1 0 0 255
6 1 -1 0 0 0 1 0 -2 -2 -1 1 -1 -1 0 1 0 0 255
6 1 -1 0 0 0 1 0 -2 -2 -1 1 0 -1 0 1 0 0 255
6 1 -1 0 0 0 1 0 -2 -2 -1 1 1 -1 0 1 0 0 255
6 1 -1 0 0 0 1 0 -2 -2 0 1 0 -1 1 -1 1 0 255
6 2 -1 0 0 0 0 -1 -2 -2 2 2 1 0 1 -1 0 -1 255
6 2 -1 0 0 0 1 0 -2 -2 2 2 -1 1 0 1 0 0 255
6 2 -1 0 0 0 1 0 -2 -2 2 2 0 1 1 1 1 0 255
3 0 -1 1 0 1 255 255 0 0 255 255 255 255 -1 0 -1 0 255
3 0 -1 1 1 1 255 255 0 0 255 255 255 255 0 -1 0 -1 255
3 0 -1 1 1 0 255 255 0 0 255 255 255 255 -1 0 -1 0 255
3 0 -1 1 1 -1 255 255 0 0 255 255 255 255 1 1 1 1 255
3 0 -1 0 0 1 255 255 0 -1 255 255 255 255 1 0 1 0 255
3 0 0 0 0 1 255 255 0 -1 255 255 255 255 1 1 1 1 255
3 0 -1 -1 0 1 255 255 0 -1 255 255 255 255 1 1 1 1 255
3 0 0 0 -1 1 255 255 0 1 255 255 255 255 -1 0 -1 0 255
3 0 0 0 -1 0 255 255 0 1 255 255 255 255 1 0 1 0 255
3 0 0 0 -1 -1 255 255 0 1 255 255 255 255 -1 0 -1 0 255
3 1 -1 1 2 2 255 255 0 0 255 255 255 255 -1 0 -1 0 255
3 1 0 1 2 2 255 255 0 -1 255 255 255 255 1 1 1 1 255
3 1 0 1 2 2 255 255 0 0 255 255 255 255 -1 1 -1 1 255
3 1 0 0 2 2 255 255 0 1 255 255 255 255 0 -1 0 -1 255
5 0 -1 1 0 1 1 1 0 0 -1 0 255 255 1 0 1 0 255
5 0 -1 1 0 1 -1 -1 0 0 -1 0 255 255 0 -1 0 -1 255
5 0 -1 1 0 1 0 -1 0 0 -1 0 255 255 1 -1 1 -1 255
5 0 -1 1 0 1 1 -1 0 0 -1 0 255 255 0 -1 0 -1 255
5 0 -1 1 0 1 1 1 0 -1 0 0 255 255 1 0 1 0 255
5 0 -1 1 1 1 -1 0 0 -1 0 0 255 255 0 1 0 1 255
5 0 -1 1 1 1 -1 -1 0 -1 0 0 255 255 0 1 0 1 255
5 0 -1 1 0 1 1 0 0 0 -1 0 255 255 1 -1 1 -1 255
5 0 1 1 -1 1 1 0 0 0 -1 0 255 255 1 -1 1 -1 255
5 0 1 1 -1 1 -1 -1 0 0 -1 0 255 255 0 1 0 1 255
5 0 1 1 -1 1 0 -1 0 0 -1 0 255 255 0 1 0 1 255
5 0 1 1 -1 1 1 -1 0 0 -1 0 255 255 0 -1 0 -1 255
5 0 -1 1 1 0 1 -1 0 0 1 1 255 255 -1 0 -1 0 255
5 0 -1 1 1 -1 -1 0 0 0 1 1 255 255 -1 -1 -1 -1 255
5 0 -1 1 1 -1 -1 -1 0 0 1 1 255 255 0 -1 0 -1 255
5 0 -1 1 0 1 -1 0 1 0 0 -1 255 255 0 0 0 0 255
5 0 0 1 -1 0 1 1 1 0 0 -1 255 255 0 0 0 0 255
5 0 0 1 -1 0 0 0 1 0 0 -1 255 255 -1 1 -1 1 255
5 0 0 1 -1 0 1 -1 1 0 0 -1 255 255 0 0 0 0 255
5 0 0 1 0 0 -1 1 1 1 0 -1 255 255 1 0 1 0 255
5 0 0 1 0 0 -1 0 1 1 0 -1 255 255 -1 -1 -1 -1 255
5 0 0 1 0 0 1 0 1 1 0 -1 255 255 -1 0 -1 0 255
5 0 0 1 0 0 -1 -1 1 1 0 -1 255 255 -1 0 -1 0 255
5 0 0 1 0 0 1 -1 1 1 0 -1 255 255 -1 0 -1 0 255
5 0 0 1 -1 -1 -1 1 1 1 0 -1 255 255 0 0 0 0 255
5 0 0 1 -1 -1 -1 0 1 1 0 -1 255 255 0 0 0 0 255
5 0 0 1 -1 -1 1 0 1 1 0 -1 255 255 0 0 0 0 255
5 0 0 1 -1 -1 1 -1 1 1 0 -1 255 255 0 0 0 0 255
5 0 -1 1 0 0 1 1 0 1 -1 0 255 255 1 0 1 0 255
5 0 -1 1 0 0 1 0 0 1 -1 0 255 255 0 -1 0 -1 255
5 0 -1 1 0 0 1 -1 0 1 -1 0 255 255 1 0 1 0 255
5 0 -1 0 0 0 -1 1 0 1 1 0 255 255 0 -1 0 -1 255
5 0 -1 0 0 0 -1 -1 0 1 1 0 255 255 1 0 1 0 255
5 0 -1 0 0 0 1 -1 0 1 1 0 255 255 -1 1 -1 1 255
5 0 0 0 -1 -1 1 1 0 1 -1 0 255 255 1 -1 1 -1 255
5 0 0 0 -1 -1 1 -1 0 1 -1 0 255 255 1 0 1 0 255
5 1 -1 -1 0 1 2 2 0 -1 1 1 255 255 0 0 0 0 255
5 1 -1 1 1 1 2 2 -1 0 0 0 255 255 1 0 1 0 255
5 1 -1 1 -1 -1 2 2 -1 0 0 0 255 255 1 0 1 0 255
5 1 -1 1 0 -1 2 2 -1 0 0 0 255 255 1 0 1 0 255
5 1 -1 1 1 -1 2 2 -1 0 0 0 255 255 1 0 1 0 255
5 1 0 1 1 1 2 2 -1 1 0 0 255 255 1 0 1 0 255
5 1 0 1 -1 0 2 2 -1 1 0 0 255 255 1 -1 1 -1 255
5 1 0 1 1 0 2 2 -1 1 0 0 255 255 1 -1 1 -1 255
5 1 0 1 -1 -1 2 2 -1 1 0 0 255 255 0 -1 0 -1 255
5 1 0 1 0 -1 -2 2 -1 1 0 0 255 255 1 -1 1 -1 255
5 1 0 1 1 -1 2 2 -1 1 0 0 255 255 1 -1 1 -1 255
5 1 0 1 -1 1 2 2 1 1 0 -1 255 255 0 0 0 0 255
5 1 0 1 -1 0 2 2 1 1 0 -1 255 255 0 0 0 0 255
5 1 0 1 1 0 2 2 1 1 0 -1 255 255 0 0 0 0 255
5 1 0 1 -1 -1 2 2 1 1 0 -1 255 255 0 0 0 0 255
5 1 0 1 1 -1 2 2 1 1 0 -1 255 255 0 0 0 0 255
5 1 -1 1 0 0 2 2 0 1 -1 0 255 255 0 -1 0 -1 255
5 1 -1 0 0 0 2 2 1 0 0 1 255 255 0 -1 0 -1 255
5 1 -1 -1 0 0 2 2 -1 0 0 1 255 255 0 -1 0 -1 255
5 1 -1 1 0 0 2 2 0 1 0 -1 255 255 1 0 1 0 255
5 1 -1 0 0 0 2 2 0 1 0 -1 255 255 1 0 1 0 255
5 1 -1 1 0 1 2 2 -1 0 0 0 255 255 1 0 1 0 255
5 1 -1 1 1 1 2 2 0 0 0 -1 255 255 0 1 0 1 255
5 1 -1 1 1 0 2 2 -1 0 0 0 255 255 0 1 0 1 255
5 1 -1 1 1 -1 2 2 1 1 0 0 255 255 -1 -1 -1 -1 255
5 1 0 1 0 0 2 2 1 1 0 -1 255 255 -1 0 -1 0 255
5 1 0 1 -1 0 2 2 1 0 0 -1 255 255 0 0 0 0 255
